#pr\suf	a	c	g	t	Sum	P_prefix
aa	0.34472	0.17054	0.27038	0.21436	1	0.0739
ac	0.35164	0.28336	0.09560	0.26939	1	0.0496
ag	0.28768	0.22953	0.29277	0.19002	1	0.0783
at	0.21417	0.22315	0.28580	0.27688	1	0.0569
ca	0.21676	0.21511	0.35690	0.21123	1	0.0756
cc	0.31538	0.28308	0.10400	0.29755	1	0.0698
cg	0.19752	0.28782	0.33528	0.17938	1	0.0236
ct	0.12904	0.27308	0.35022	0.24766	1	0.0718
ga	0.29625	0.18030	0.32861	0.19484	1	0.0659
gc	0.29727	0.28922	0.11300	0.30051	1	0.0601
gg	0.26913	0.25070	0.28898	0.19119	1	0.0738
gt	0.18235	0.23445	0.34022	0.24298	1	0.0505
ta	0.28830	0.20558	0.22294	0.28318	1	0.0433
tc	0.29845	0.30339	0.07871	0.31946	1	0.0613
tg	0.25251	0.22600	0.29045	0.23104	1	0.0747
tt	0.17814	0.24161	0.22664	0.35361	1	0.0709
; Sum  	4.11931	3.89691	3.98051	4.00327	16 \ 16
; P_res	0.25870	0.24084	0.25043	0.25004
