#pr\suf	a	c	g	t	Sum	P_prefix
aa	0.39478	0.15503	0.21628	0.23391	1	0.0889
ac	0.40046	0.23736	0.05918	0.30301	1	0.0522
ag	0.31200	0.19927	0.26867	0.22006	1	0.0725
at	0.26257	0.19616	0.24053	0.30074	1	0.0684
ca	0.24077	0.25156	0.28706	0.22061	1	0.0747
cc	0.33517	0.26929	0.06765	0.32789	1	0.0585
cg	0.19416	0.24802	0.31296	0.24485	1	0.0139
ct	0.17004	0.26501	0.29517	0.26979	1	0.0711
ga	0.30558	0.16156	0.31747	0.21539	1	0.0608
gc	0.33433	0.27864	0.08238	0.30466	1	0.0467
gg	0.29185	0.23800	0.26840	0.20175	1	0.0581
gt	0.19010	0.18970	0.36330	0.25690	1	0.0532
ta	0.29843	0.17324	0.21806	0.31028	1	0.0575
tc	0.30652	0.28311	0.04933	0.36104	1	0.0609
tg	0.24914	0.20153	0.25086	0.29847	1	0.0744
tt	0.19641	0.21014	0.20050	0.39296	1	0.088
; Sum  	4.48231	3.55761	3.49779	4.4623	16 \ 16
; P_res	0.28194	0.21831	0.21897	0.28077
