#pr\suf	a	c	g	t	Sum	P_prefix
aa	0.27846	0.18360	0.29916	0.23879	1	0.067
ac	0.28107	0.31964	0.05393	0.34536	1	0.0541
ag	0.34392	0.20551	0.26483	0.18574	1	0.0875
at	0.17366	0.24757	0.29619	0.28258	1	0.0595
ca	0.21250	0.22477	0.37068	0.19205	1	0.0846
cc	0.35884	0.29996	0.03813	0.30306	1	0.0746
cg	0.36250	0.31750	0.20500	0.11500	1	0.0108
ct	0.15437	0.29781	0.27391	0.27391	1	0.0821
ga	0.26470	0.18366	0.34733	0.20431	1	0.0727
gc	0.35788	0.27250	0.04635	0.32327	1	0.0503
gg	0.31358	0.25263	0.28626	0.14753	1	0.0551
gt	0.18012	0.28203	0.28494	0.25291	1	0.04
ta	0.25538	0.21772	0.24731	0.27959	1	0.0432
tc	0.34078	0.28802	0.03664	0.33457	1	0.0744
tg	0.32773	0.23302	0.22409	0.21515	1	0.0647
tt	0.16387	0.29180	0.16968	0.37466	1	0.0794
; Sum  	4.36937	4.11773	3.44442	4.06848	16 \ 16
; P_res	0.26790	0.25286	0.21885	0.26038
