#pr\suf	a	c	g	t	Sum	P_prefix
aa	0.34151	0.14436	0.26101	0.25311	1	0.0892
ac	0.38370	0.25793	0.02866	0.32972	1	0.049
ag	0.28123	0.21299	0.29380	0.21198	1	0.0799
at	0.23397	0.18927	0.25269	0.32407	1	0.0783
ca	0.24873	0.19992	0.30369	0.24765	1	0.0751
cc	0.43785	0.20378	0.03982	0.31855	1	0.0482
cg	0.12415	0.28775	0.27097	0.31712	1	0.00704
ct	0.23863	0.20074	0.29208	0.26855	1	0.0681
ga	0.31402	0.14516	0.27105	0.26977	1	0.0633
gc	0.35559	0.26345	0.04269	0.33827	1	0.0441
gg	0.33804	0.17857	0.20895	0.27444	1	0.0573
gt	0.24878	0.20990	0.28281	0.25851	1	0.0505
ta	0.29605	0.17364	0.24416	0.28615	1	0.0686
tc	0.34548	0.24857	0.03053	0.37541	1	0.0573
tg	0.29204	0.21024	0.27797	0.21975	1	0.0714
tt	0.23467	0.19787	0.18765	0.37981	1	0.0928
; Sum  	4.71447	3.32416	3.28852	4.67285	16 \ 16
; P_res	0.29719	0.19894	0.21558	0.28830
