#pr\suf	a	c	g	t	Sum	P_prefix
aa	0.39740	0.14223	0.21831	0.24206	1	0.0902
ac	0.40251	0.23730	0.06733	0.29287	1	0.0501
ag	0.30043	0.20459	0.28017	0.21481	1	0.0709
at	0.26725	0.17442	0.25282	0.30550	1	0.0718
ca	0.24213	0.23095	0.30337	0.22355	1	0.0726
cc	0.33527	0.26683	0.06645	0.33145	1	0.0558
cg	0.23636	0.24123	0.32113	0.20128	1	0.0133
ct	0.15844	0.27854	0.29550	0.26753	1	0.0714
ga	0.31239	0.16517	0.30065	0.22179	1	0.0607
gc	0.32631	0.28974	0.07512	0.30883	1	0.0466
gg	0.28133	0.23226	0.26953	0.21688	1	0.0594
gt	0.21173	0.18354	0.34441	0.26033	1	0.0515
ta	0.29963	0.17635	0.18225	0.34177	1	0.0593
tc	0.30602	0.25664	0.04468	0.39266	1	0.0608
tg	0.25953	0.20251	0.25953	0.27843	1	0.0746
tt	0.19655	0.20834	0.19559	0.39951	1	0.0909
; Sum  	4.53327	3.49062	3.47686	4.49925	16 \ 16
; P_res	0.28264	0.21334	0.21839	0.28562
