17	34256112
17	34260220
17	34260211
17	34260211
17	34254987
17	34254987
17	34254987
17	34253800
17	34252794
17	34252794
17	34255474
17	34255474
17	34255474
17	34255474
17	34257929
17	34254232
17	34254232
17	34255474
17	34253211
17	34253211
17	34252768
17	34252768
17	34252768
17	34252768
17	34252768
17	34252768
17	34258841
17	34252303
17	34254232
17	34255474
17	34255474
17	34255474
17	34255474
17	34257929
17	34257929
17	34253800
17	34259828
17	34253800
17	34255474
17	34255474
17	34255474
17	34253800
17	34252303
17	34252303
17	34252303
17	34252303
17	34252768
17	34252768
17	34252768
17	34259828
17	34253800
17	34259828
17	34251338
17	34251338
17	34257929
17	34257929
17	34253800
17	34256112
